1560036738144020
1560036738145229
1560036742630299
1560036742631201
1560036742635151
1560178701013898
1560178701017319
1560178809254170
1560178809255151
1560178809298296
1560179168222418
1560179168223408
1560179168329298
1560179460843949
1560179460874202
1560179460874202
1560179460875898
1560179464538835
1560179464573017
1560179464573017
1560179464574269
1560179467589479
1560179467589479
1560179467720970
1560180451000207
1560180451000278
1560180611902980
1560180611904929
1560180611905503
1560180970526489
1560180970527465
1560180970538666
